00000000
01000011
00001000
00000000
00000000
01000011
00001000
00000000
00000000
01000011
00001000
00000000
00000000
01000011
00001000
00000000
00000000
01000011
00001000
00000000
00000000
01000011
00001000
00000000
01000011
00001000
00000000
00000000
01000011
00001000
00000000
00000000
01000011
00001000
00000000
10000000
11111111
11111111
00110000
00000000
11111111
11111111
00000000
00000110
11111111
11111111
00000110
11111111
11110111
00000001
10000000
11111111
11111111
00110000
00000000
11111111
11111111
00000000
00000110
11111111
11111111
00000110
00000000
00000000
11111111
