00
00
00
00
00
00
00
00
00
00
00
00
00
00
00
00
03
20
C0
C5
00
00
00
00
00
00
00
00
00
00
00
00
00
43
08
00
00
00
00
00
00
00
00
00
00
00
00
00
00
A6
20
01
00
00
00
00
00
00
00
00
00
00
00
00
01
09
38
02
00
00
00
00
00
00
00
00
00
00
00
00
01
6C
50
03
00
00
00
00
00
00
00
00
00
00
00
00
02
20
80
07
00
00
00
00
00
00
00
00
00
00
00
00
03
20
C0
C5
00
00
00
00
00
00
00
00
00
00
00
00
03
60
D0
C6
00
00
00
00
00
00
00
00
00
00
00
00
01
CF
68
04
00
00
00
00
00
00
00
00
00
00
00
00
00
00
00
00
00
00
00
00
00
00
00
00